    subject activity timeBodyAccelerometer-mean()-X timeBodyAccelerometer-mean()-Y
1         1        1                      0.2773308                   -0.017383819
31        1        2                      0.2554617                   -0.023953149
61        1        3                      0.2891883                   -0.009918505
91        1        4                      0.2612376                   -0.001308288
121       1        5                      0.2789176                   -0.016137590
151       1        6                      0.2215982                   -0.040513953
2         2        1                      0.2764266                   -0.018594920
32        2        2                      0.2471648                   -0.021412113
62        2        3                      0.2776153                   -0.022661416
92        2        4                      0.2770874                   -0.015687994
122       2        5                      0.2779115                   -0.018420827
152       2        6                      0.2813734                   -0.018158740
3         3        1                      0.2755675                   -0.017176784
33        3        2                      0.2608199                   -0.032410941
    timeBodyAccelerometer-mean()-Z timeBodyAccelerometer-std()-X
1                      -0.11114810                  -0.283740259
31                     -0.09730200                  -0.354708025
61                     -0.10756619                   0.030035338
91                     -0.10454418                  -0.977229008
121                    -0.11060182                  -0.995759902
151                    -0.11320355                  -0.928056469
2                      -0.10550036                  -0.423642838
32                     -0.15251390                  -0.304376406
62                     -0.11681294                   0.046366681
92                     -0.10921827                  -0.986822280
122                    -0.10590854                  -0.987271889
152                    -0.10724561                  -0.974059465
3                      -0.11267486                  -0.360356726
33                     -0.11006486                  -0.313123438
    timeBodyAccelerometer-std()-Y timeBodyAccelerometer-std()-Z
1                     0.114461337                   -0.26002790
31                   -0.002320265                   -0.01947924
61                   -0.031935943                   -0.23043421
91                   -0.922618642                   -0.93958629
121                  -0.973190056                   -0.97977588
151                  -0.836827406                   -0.82606140
2                    -0.078091253                   -0.42525752
32                    0.108027280                   -0.11212102
62                    0.262881789                   -0.10283791
92                   -0.950704499                   -0.95982817
122                  -0.957304989                   -0.94974185
152                  -0.980277399                   -0.98423330
3                    -0.069914065                   -0.38741199
33                    0.011628081                   -0.36975460
    timeGravityAccelerometer-mean()-X timeGravityAccelerometer-mean()-Y
1                           0.9352232                      -0.282165021
31                          0.8933511                      -0.362153364
61                          0.9318744                      -0.266610339
91                          0.8315099                       0.204411593
121                         0.9429520                      -0.272983832
151                        -0.2488818                       0.705549773
2                           0.9130173                      -0.346607090
32                          0.7907174                      -0.416214890
62                          0.8618313                      -0.325780101
92                          0.9404773                      -0.105630024
122                         0.8969286                      -0.370062697
152                        -0.5097542                       0.752536639
3                           0.9365067                      -0.261986358
33                          0.8835334                      -0.382851154
    timeGravityAccelerometer-mean()-Z timeGravityAccelerometer-std()-X
1                        -0.068102864                       -0.9766096
31                       -0.075402940                       -0.9563670
61                       -0.062119959                       -0.9505598
91                        0.332043703                       -0.9684571
121                       0.013490582                       -0.9937630
151                       0.445817720                       -0.8968300
2                         0.084727087                       -0.9726932
32                       -0.195888239                       -0.9344077
62                       -0.043889016                       -0.9403618
92                        0.198726769                       -0.9799888
122                       0.129747161                       -0.9866858
152                       0.646834880                       -0.9590144
3                        -0.138107866                       -0.9777716
33                       -0.162943955                       -0.9440408
    timeGravityAccelerometer-std()-Y timeGravityAccelerometer-std()-Z
1                         -0.9713060                       -0.9477172
31                        -0.9528492                       -0.9123794
61                        -0.9370187                       -0.8959397
91                        -0.9355171                       -0.9490409
121                       -0.9812260                       -0.9763241
151                       -0.9077200                       -0.8523663
2                         -0.9721169                       -0.9720728
32                        -0.9237675                       -0.8780041
62                        -0.9400685                       -0.9314383
92                        -0.9567503                       -0.9544159
122                       -0.9741944                       -0.9459271
152                       -0.9882119                       -0.9842304
3                         -0.9623556                       -0.9520918
33                        -0.9098260                       -0.9094697
    timeBodyAccelerometerJerk-mean()-X timeBodyAccelerometerJerk-mean()-Y
1                           0.07404163                       2.827211e-02
31                          0.10137273                       1.948631e-02
61                          0.05415532                       2.965045e-02
91                          0.07748252                      -6.191028e-04
121                         0.07537665                       7.975731e-03
151                         0.08108653                       3.838204e-03
2                           0.06180807                       1.824927e-02
32                          0.07445078                      -9.709855e-03
62                          0.11004062                      -3.279591e-03
92                          0.07225644                       1.169545e-02
122                         0.07475886                       1.032918e-02
152                         0.08259725                       1.225479e-02
3                           0.08147459                       1.005915e-02
33                          0.04268810                       3.972493e-02
    timeBodyAccelerometerJerk-mean()-Z timeBodyAccelerometerJerk-std()-X
1                        -4.168406e-03                      -0.113615602
31                       -4.556254e-02                      -0.446843888
61                       -1.097197e-02                      -0.012283861
91                       -3.367792e-03                      -0.986430711
121                      -3.685250e-03                      -0.994604542
151                       1.083424e-02                      -0.958482112
2                         7.895337e-03                      -0.277530463
32                        1.948144e-02                      -0.276121886
62                       -2.093517e-02                       0.147249143
92                        7.605469e-03                      -0.988055854
122                      -8.371588e-03                      -0.981085716
152                      -1.802649e-03                      -0.985872169
3                        -5.622646e-03                      -0.268679644
33                        2.082055e-02                      -0.458364617
    timeBodyAccelerometerJerk-std()-Y timeBodyAccelerometerJerk-std()-Z
1                         0.067002501                       -0.50269979
31                       -0.378274426                       -0.70659353
61                       -0.101601391                       -0.34573503
91                       -0.981371965                       -0.98791080
121                      -0.985648732                       -0.99225118
151                      -0.924149274                       -0.95485511
2                        -0.016602236                       -0.58609042
32                       -0.185648954                       -0.57374635
62                        0.126828015                       -0.34012202
92                       -0.977983955                       -0.98751821
122                      -0.971059440                       -0.98284145
152                      -0.983172541                       -0.98844201
3                        -0.044961959                       -0.52948612
33                       -0.251680365                       -0.70855171
    timeBodyGyroscope-mean()-X timeBodyGyroscope-mean()-Y
1                -0.0418309635               -0.069530046
31                0.0505493798               -0.166170015
61               -0.0350781903               -0.090937129
91               -0.0453500565               -0.091924155
121              -0.0239877348               -0.059397221
151              -0.0165530940               -0.064486124
2                -0.0530258157               -0.048238232
32               -0.0576912635               -0.032088310
62               -0.1159473529               -0.004823292
92               -0.0454706620               -0.059928680
122              -0.0238623876               -0.082039658
152              -0.0184766067               -0.111800825
3                -0.0256405193               -0.077915094
33                0.0721980309               -0.139275406
    timeBodyGyroscope-mean()-Z timeBodyGyroscope-std()-X timeBodyGyroscope-std()-Y
1                 0.0849448173                -0.4735355              -0.054607769
31                0.0583595464                -0.5448711               0.004105184
61                0.0900850142                -0.4580305              -0.126349195
91                0.0629313812                -0.9772113              -0.966473895
121               0.0748007510                -0.9871919              -0.987734440
151               0.1486894363                -0.8735439              -0.951090440
2                 0.0828336633                -0.5615503              -0.538453668
32                0.0688374022                -0.4392531              -0.466298337
62                0.0971738089                -0.3207892              -0.415739145
92                0.0412277462                -0.9857420              -0.978919527
122               0.0878351695                -0.9729986              -0.971441996
152               0.1448828461                -0.9882752              -0.982291609
3                 0.0813485943                -0.5718696              -0.563793260
33                0.0215603697                -0.4560393              -0.582742846
    timeBodyGyroscope-std()-Z timeBodyGyroscopeJerk-mean()-X
1                 -0.34426663                    -0.08999754
31                -0.50716867                    -0.12223277
61                -0.12470245                    -0.07395920
91                -0.94142592                    -0.09367938
121               -0.98064563                    -0.09960921
151               -0.90828466                    -0.10727095
2                 -0.48108554                    -0.08188334
32                -0.16399579                    -0.08288580
62                -0.27941839                    -0.05810385
92                -0.95980371                    -0.09363284
122               -0.96485670                    -0.10556216
152               -0.96030656                    -0.10197413
3                 -0.47669641                    -0.09523982
33                -0.49232731                    -0.11551057
    timeBodyGyroscopeJerk-mean()-Y timeBodyGyroscopeJerk-mean()-Z
1                      -0.03984287                   -0.046130930
31                     -0.04214859                   -0.040712553
61                     -0.04399028                   -0.027046106
91                     -0.04021181                   -0.046702627
121                    -0.04406279                   -0.048950547
151                    -0.04151729                   -0.074050121
2                      -0.05382994                   -0.051493916
32                     -0.04240537                   -0.044515748
62                     -0.04214703                   -0.071022982
92                     -0.04156020                   -0.043585097
122                    -0.04224195                   -0.054653948
152                    -0.03585902                   -0.070178302
3                      -0.03878747                   -0.050361610
33                     -0.04003725                   -0.049818087
    timeBodyGyroscopeJerk-std()-X timeBodyGyroscopeJerk-std()-Y
1                     -0.20742185                   -0.30446851
31                    -0.61478651                   -0.60169666
61                    -0.48702734                   -0.23882483
91                    -0.99173159                   -0.98951807
121                   -0.99294511                   -0.99513792
151                   -0.91860852                   -0.96790724
2                     -0.38954983                   -0.63414044
32                    -0.46485436                   -0.64549134
62                    -0.24394059                   -0.46939670
92                    -0.98970902                   -0.99088961
122                   -0.97932400                   -0.98344726
152                   -0.99323585                   -0.98956754
3                     -0.38592299                   -0.63908798
33                    -0.50727076                   -0.77577414
    timeBodyGyroscopeJerk-std()-Z timeBodyAccelerometerMagnitude-mean()
1                    -0.404255453                         -0.1369711766
31                   -0.606332002                         -0.1299276307
61                   -0.268761480                          0.0271882914
91                   -0.987935806                         -0.9485367862
121                  -0.992108467                         -0.9842782074
151                  -0.957790160                         -0.8419291525
2                    -0.435492677                         -0.2904075937
32                   -0.467595961                         -0.1073226795
62                   -0.218266319                          0.0899511205
92                   -0.985542326                         -0.9678936239
122                  -0.973610118                         -0.9658751813
152                  -0.988035821                         -0.9774354852
3                    -0.536664080                         -0.2546903333
33                   -0.573433948                         -0.1840148950
    timeBodyAccelerometerMagnitude-std() timeGravityAccelerometerMagnitude-mean()
1                            -0.21968865                            -0.1369711766
31                           -0.32497093                            -0.1299276307
61                            0.01988435                             0.0271882914
91                           -0.92707842                            -0.9485367862
121                          -0.98194293                            -0.9842782074
151                          -0.79514486                            -0.8419291525
2                            -0.42254417                            -0.2904075937
32                           -0.20597705                            -0.1073226795
62                            0.21558633                             0.0899511205
92                           -0.95308144                            -0.9678936239
122                          -0.95787497                            -0.9658751813
152                          -0.97287391                            -0.9774354852
3                            -0.32842894                            -0.2546903333
33                           -0.33359743                            -0.1840148950
    timeGravityAccelerometerMagnitude-std()
1                               -0.21968865
31                              -0.32497093
61                               0.01988435
91                              -0.92707842
121                             -0.98194293
151                             -0.79514486
2                               -0.42254417
32                              -0.20597705
62                               0.21558633
92                              -0.95308144
122                             -0.95787497
152                             -0.97287391
3                               -0.32842894
33                              -0.33359743
    timeBodyAccelerometerJerkMagnitude-mean()
1                                -0.141428809
31                               -0.466503446
61                               -0.089447481
91                               -0.987364196
121                              -0.992367791
151                              -0.954396265
2                                -0.281424154
32                               -0.321268911
62                                0.005655163
92                               -0.986774713
122                              -0.980489077
152                              -0.987741696
3                                -0.280009317
33                               -0.436901159
    timeBodyAccelerometerJerkMagnitude-std() timeBodyGyroscopeMagnitude-mean()
1                                -0.07447175                      -0.160979553
31                               -0.47899162                      -0.126735590
61                               -0.02578772                      -0.075741254
91                               -0.98412002                      -0.930892490
121                              -0.99309621                      -0.976493793
151                              -0.92824563                      -0.874759548
2                                -0.16415099                      -0.446549093
32                               -0.21738939                      -0.219713473
62                                0.22961719                      -0.162188587
92                               -0.98447587                      -0.946035087
122                              -0.97667528                      -0.963466342
152                              -0.98551808                      -0.950011570
3                                -0.13991636                      -0.466411754
33                               -0.43902059                      -0.347321812
    timeBodyGyroscopeMagnitude-std() timeBodyGyroscopeJerkMagnitude-mean()
1                        -0.18697836                           -0.29870368
31                       -0.14861932                           -0.59488287
61                       -0.22572437                           -0.29546384
91                       -0.93453184                           -0.99197634
121                      -0.97869003                           -0.99496679
151                      -0.81901017                           -0.96346103
2                        -0.55301992                           -0.54791195
32                       -0.37753217                           -0.57281644
62                       -0.27484411                           -0.41087267
92                       -0.96131362                           -0.99108149
122                      -0.95394338                           -0.98395190
152                      -0.96116405                           -0.99176707
3                        -0.56151068                           -0.56613522
33                       -0.40888665                           -0.65886140
    timeBodyGyroscopeJerkMagnitude-std() frequencyBodyAccelerometer-mean()-X
1                            -0.32532488                         -0.20279431
31                           -0.64855304                         -0.40432178
61                           -0.30651065                          0.03822918
91                           -0.98830873                         -0.97964124
121                          -0.99473324                         -0.99524993
151                          -0.93584098                         -0.93909905
2                            -0.55779815                         -0.34604816
32                           -0.59729172                         -0.26672093
62                           -0.34318788                          0.11284116
92                           -0.98959492                         -0.98580384
122                          -0.97720443                         -0.98394674
152                          -0.98971810                         -0.97672506
3                            -0.56737156                         -0.31661401
33                           -0.71802804                         -0.39200421
    frequencyBodyAccelerometer-mean()-Y frequencyBodyAccelerometer-mean()-Z
1                           0.089712726                         -0.33156012
31                         -0.190976721                         -0.43334970
61                          0.001549908                         -0.22557447
91                         -0.944084550                         -0.95918489
121                        -0.977070848                         -0.98529710
151                        -0.867065205                         -0.88266688
2                          -0.021904810                         -0.45380637
32                          0.009924459                         -0.28100199
62                          0.278345042                         -0.13129077
92                         -0.957343498                         -0.97016217
122                        -0.959871697                         -0.96247120
152                        -0.979800878                         -0.98438098
3                          -0.081302435                         -0.41237407
33                         -0.078809416                         -0.50449453
    frequencyBodyAccelerometer-std()-X frequencyBodyAccelerometer-std()-Y
1                         -0.319134720                        0.056040007
31                        -0.337428189                        0.021769511
61                         0.024330839                       -0.112963740
91                        -0.976412313                       -0.917275006
121                       -0.996028345                       -0.972293102
151                       -0.924437435                       -0.833625556
2                         -0.457651384                       -0.169219686
32                        -0.320582414                        0.084880279
62                         0.016104620                        0.171973973
92                        -0.987362090                       -0.950073754
122                       -0.989056470                       -0.957908842
152                       -0.973246482                       -0.981025106
3                         -0.379276781                       -0.124030832
33                        -0.285333024                       -0.008039875
    frequencyBodyAccelerometer-std()-Z frequencyBodyAccelerometerJerk-mean()-X
1                          -0.27968675                            -0.170546965
31                          0.08595655                            -0.479875246
61                         -0.29792789                            -0.027663868
91                         -0.93446956                            -0.986597023
121                        -0.97793726                            -0.994630797
151                        -0.81289156                            -0.957073884
2                          -0.45522215                            -0.304615323
32                         -0.09454498                            -0.258639440
62                         -0.16203289                             0.138120681
92                         -0.95686286                            -0.987848794
122                        -0.94643358                            -0.980973242
152                        -0.98479218                            -0.985813631
3                          -0.42299847                            -0.304694443
33                         -0.35079723                            -0.478434306
    frequencyBodyAccelerometerJerk-mean()-Y
1                              -0.035225524
31                             -0.413444588
61                             -0.128667158
91                             -0.981579467
121                            -0.985418705
151                            -0.922462610
2                              -0.078764084
32                             -0.187842132
62                              0.096209161
92                             -0.977139703
122                            -0.970851338
152                            -0.982768250
3                              -0.140508590
33                             -0.283772547
    frequencyBodyAccelerometerJerk-mean()-Z frequencyBodyAccelerometerJerk-std()-X
1                               -0.46899922                           -0.133586606
31                              -0.68547435                           -0.461907026
61                              -0.28833474                           -0.086327897
91                              -0.98605309                           -0.987492994
121                             -0.99075217                           -0.995073759
151                             -0.94806090                           -0.964160709
2                               -0.55495671                           -0.314313063
32                              -0.52272806                           -0.365415441
62                              -0.27149872                            0.049959062
92                              -0.98512905                           -0.989459107
122                             -0.97977515                           -0.983007924
152                             -0.98619713                           -0.987250256
3                               -0.51413726                           -0.296596633
33                              -0.67731453                           -0.486446510
    frequencyBodyAccelerometerJerk-std()-Y frequencyBodyAccelerometerJerk-std()-Z
1                              0.106739857                           -0.534713440
31                            -0.381777065                           -0.726040201
61                            -0.134580009                           -0.401721464
91                            -0.982513910                           -0.988339185
121                           -0.987018227                           -0.992349818
151                           -0.932217870                           -0.960586987
2                             -0.015332952                           -0.615898188
32                            -0.243554147                           -0.625090981
62                             0.080833349                           -0.408227423
92                            -0.980804228                           -0.988570804
122                           -0.973520241                           -0.984599905
152                           -0.984987393                           -0.989345369
3                             -0.005614988                           -0.543529108
33                            -0.268191524                           -0.738705864
    frequencyBodyGyroscope-mean()-X frequencyBodyGyroscope-mean()-Y
1                       -0.33903220                     -0.10305942
31                      -0.49261167                     -0.31947461
61                      -0.35244963                     -0.05570225
91                      -0.97616146                     -0.97583859
121                     -0.98638679                     -0.98898446
151                     -0.85024917                     -0.95219149
2                       -0.42971354                     -0.55477211
32                      -0.33164358                     -0.48808612
62                      -0.14577597                     -0.36191382
92                      -0.98262139                     -0.98210092
122                     -0.96703711                     -0.97257615
152                     -0.98643114                     -0.98332164
3                       -0.43784576                     -0.56152627
33                      -0.37821668                     -0.63729351
    frequencyBodyGyroscope-mean()-Z frequencyBodyGyroscope-std()-X
1                       -0.25594094                     -0.5166919
31                      -0.45359721                     -0.5658925
61                      -0.03186943                     -0.4954225
91                      -0.95131554                     -0.9779042
121                     -0.98077312                     -0.9874971
151                     -0.90930272                     -0.8822965
2                       -0.39665991                     -0.6040530
32                      -0.24860112                     -0.4763588
62                      -0.08749447                     -0.3794367
92                      -0.95981482                     -0.9868085
122                     -0.96062770                     -0.9749881
152                     -0.96267189                     -0.9888607
3                       -0.41812622                     -0.6151214
33                      -0.43150336                     -0.4848210
    frequencyBodyGyroscope-std()-Y frequencyBodyGyroscope-std()-Z
1                      -0.03350816                    -0.43656223
31                      0.15153891                    -0.57170784
61                     -0.18141473                    -0.23844357
91                     -0.96234504                    -0.94391784
121                    -0.98710773                    -0.98234533
151                    -0.95123205                    -0.91658251
2                      -0.53304695                    -0.55985664
32                     -0.45975849                    -0.21807247
62                     -0.45873275                    -0.42298767
92                     -0.97735619                    -0.96352266
122                    -0.97103605                    -0.96975430
152                    -0.98191062                    -0.96317422
3                      -0.56888867                    -0.54589639
33                     -0.55604595                    -0.56109765
    frequencyBodyAccelerometerMagnitude-mean()
1                                 -0.128623451
31                                -0.352395945
61                                 0.096584534
91                                -0.947782923
121                               -0.985356361
151                               -0.861767648
2                                 -0.324289428
32                                -0.145318539
62                                 0.293424827
92                                -0.961273748
122                               -0.964052166
152                               -0.975110196
3                                 -0.290031535
33                                -0.315866079
    frequencyBodyAccelerometerMagnitude-std()
1                               -0.3980325868
31                              -0.4162601015
61                              -0.1865303011
91                              -0.9284448017
121                             -0.9823138047
151                             -0.7983009404
2                               -0.5771052117
32                              -0.3667282438
62                              -0.0214787882
92                              -0.9555756022
122                             -0.9605193815
152                             -0.9751213879
3                               -0.4563730809
33                              -0.4479943692
    frequencyBodyAccelerometerJerkMagnitude-mean()
1                                    -0.0571194000
31                                   -0.4426521625
61                                    0.0262184949
91                                   -0.9852621268
121                                  -0.9925424775
151                                  -0.9333003608
2                                    -0.1690643528
32                                   -0.1895111369
62                                    0.2222474096
92                                   -0.9838746989
122                                  -0.9770652956
152                                  -0.9853741148
3                                    -0.1867645170
33                                   -0.4129208985
    frequencyBodyAccelerometerJerkMagnitude-std()
1                                     -0.10349240
31                                    -0.53305985
61                                    -0.10405226
91                                    -0.98160618
121                                   -0.99253600
151                                   -0.92180398
2                                     -0.16409197
32                                    -0.26042384
62                                     0.22748073
92                                    -0.98412419
122                                   -0.97516046
152                                   -0.98456849
3                                     -0.08985199
33                                    -0.48060920
    frequencyBodyGyroscopeMagnitude-mean() frequencyBodyGyroscopeMagnitude-std()
1                            -0.1992525690                           -0.32101795
31                           -0.3259614574                           -0.18298552
61                           -0.1857202857                           -0.39835039
91                           -0.9584355894                           -0.93219837
121                          -0.9846176234                           -0.97846607
151                          -0.8621901854                           -0.82431944
2                            -0.5307048147                           -0.65179284
32                           -0.4506121848                           -0.43862040
62                           -0.3208385436                           -0.37257676
92                           -0.9718405961                           -0.96138575
122                          -0.9617759048                           -0.95678873
152                          -0.9721129727                           -0.96109838
3                            -0.5697557722                           -0.63264329
33                           -0.5142115837                           -0.44518180
    frequencyBodyGyroscopeJerkMagnitude-mean()
1                                  -0.31930859
31                                 -0.63466508
61                                 -0.28196336
91                                 -0.98979755
121                                -0.99481538
151                                -0.94236695
2                                  -0.58324929
32                                 -0.60079850
62                                 -0.38017531
92                                 -0.98986195
122                                -0.97784983
152                                -0.99024870
3                                  -0.60775165
33                                 -0.71687778
    frequencyBodyGyroscopeJerkMagnitude-std()
1                                 -0.38160191
31                                -0.69393052
61                                -0.39191988
91                                -0.98704962
121                               -0.99467112
151                               -0.93266067
2                                 -0.55810455
32                                -0.62182020
62                                -0.34369899
92                                -0.98963291
122                               -0.97775430
152                               -0.98949266
3                                 -0.54908701
33                                -0.74003344
 [ reached getOption("max.print") -- omitted 166 rows ]
